packet_timestamp,statemachine,angle_roll,angle_pitch,angle_yaw,gyro_x,gyro_y,gyro_z,acc_x,acc_y,acc_z,rudder1,rudder2,rudder3,rudder4
3945,1,-0.808,30.336,26.638,0.192,-4.118,0.678,9.077,100.517,-15.03,-9.029,9.029,41.403,75.303
3946,1,-0.903,28.173,26.225,0.192,-4.118,0.678,9.077,103.01,-9.03,-8.94,8.94,44.576,78.308
3947,1,-0.909,25.53,26.485,-0.206,-5.058,-0.334,-3.555,103.01,-9.03,5.754,-5.754,87.181,70.101
3948,1,-0.92,22.917,26.742,-0.206,-5.058,-0.334,-3.555,81.285,-22.653,5.815,-5.815,91.021,73.725
3949,1,-1.03,20.616,26.603,-0.101,-4.539,0.295,4.005,81.285,-22.653,-2.448,2.448,71.296,85.199
3950,1,-1.133,18.327,26.471,-0.101,-4.539,0.295,4.005,69.528,-27.845,-2.311,2.311,74.724,88.308
3951,1,-1.131,17.234,26.757,-0.148,-2.48,-0.434,0.426,69.528,-27.845,7.06,-7.06,65.141,42.181
3952,1,-1.136,16.14,27.038,-0.148,-2.48,-0.434,0.426,48.507,-11.996,7.095,-7.095,66.764,43.684
3953,1,-1.1,16.323,26.856,0.163,-0.243,0.311,0.493,48.507,-11.996,-3.802,3.802,15.897,30.112
3954,1,-1.092,16.504,26.716,0.163,-0.243,0.311,0.493,1.632,3.732,-3.814,3.814,15.625,29.868
3955,1,-0.692,16.913,26.698,0.978,0.187,0.294,0.019,1.632,3.732,-8.008,8.008,9.068,22.964
3956,1,-0.391,17.278,26.82,0.978,0.187,0.294,0.019,1.727,3.259,-8.254,8.254,8.365,22.624
3957,1,0.107,17.8,27.02,1.39,0.523,0.266,-0.081,1.727,3.259,-10.363,10.363,3.241,16.672
3958,1,0.585,18.301,27.248,1.39,0.523,0.266,-0.081,1.823,2.335,-10.73,10.73,2.279,16.2
3959,1,1.208,18.906,27.501,1.658,0.725,0.251,-0.1,1.823,2.335,-12.342,12.342,-1.396,12.359
3960,1,1.822,19.502,27.767,1.658,0.725,0.251,-0.1,1.823,2.335,-12.779,12.779,-2.503,11.755
3961,1,2.491,20.132,28.047,1.658,0.725,0.251,-0.129,1.938,1.416,-13.236,13.236,-3.648,11.088
3962,1,3.221,20.802,28.336,1.866,0.869,0.24,-0.129,1.938,1.416,-14.611,14.611,-6.594,7.997
3963,1,3.963,21.494,28.641,1.866,0.869,0.24,-0.196,1.967,0.646,-15.071,15.071,-7.769,7.176
3964,1,4.715,22.21,28.959,1.893,0.963,0.217,-0.196,1.967,0.646,-15.366,15.366,-9.71,4.378
3965,1,5.457,22.927,29.298,1.893,0.963,0.217,-0.225,1.971,0.062,-15.776,15.776,-10.822,3.423
3966,1,6.186,23.642,29.647,1.835,0.966,0.183,-0.225,1.971,0.062,-15.439,15.439,-11.073,1.528
3967,1,6.861,24.335,30.019,1.835,0.966,0.183,-0.225,1.967,-0.459,-15.764,15.764,-12.046,0.51
3968,1,7.479,25.007,30.404,1.61,0.899,0.136,-0.225,1.967,-0.459,-14.32,14.32,-10.809,-0.734
3969,1,8.029,25.65,30.809,1.61,0.899,0.136,-0.211,1.976,-0.991,-14.539,14.539,-11.622,-1.761
3970,1,8.507,26.261,31.235,1.319,0.807,0.076,-0.211,1.976,-0.991,-12.494,12.494,-9.528,-2.977
3971,1,8.909,26.838,31.68,1.319,0.807,0.076,-0.177,1.971,-1.479,-12.613,12.613,-10.189,-3.957
3972,1,9.236,27.383,32.141,1.01,0.704,0.016,-0.177,1.971,-1.479,-10.397,10.397,-7.82,-4.919
3973,1,9.479,27.887,32.608,1.01,0.704,0.016,-0.163,1.991,-1.828,-10.427,10.427,-8.352,-5.813
3974,1,9.653,28.355,33.089,0.699,0.583,-0.03,-0.163,1.991,-1.828,-8.294,8.294,-5.952,-6.064
3975,1,9.741,28.78,33.58,0.699,0.583,-0.03,-0.134,2.034,-2.201,-8.251,8.251,-6.377,-6.835
3976,1,9.747,29.167,34.077,0.372,0.456,-0.07,-0.134,2.034,-2.201,-6.03,6.03,-3.935,-6.745
3977,1,9.669,29.513,34.58,0.372,0.456,-0.07,-0.1,2.067,-2.479,-5.917,5.917,-4.274,-7.38
3978,1,9.512,29.815,35.087,0.04,0.329,-0.103,-0.1,2.067,-2.479,-3.705,3.705,-1.935,-6.949
3979,1,9.284,30.08,35.594,0.04,0.329,-0.103,-0.096,2.105,-2.617,-3.536,3.536,-2.2,-7.431
3980,1,8.99,30.304,36.103,-0.227,0.201,-0.121,-0.096,2.105,-2.617,-1.783,1.783,-0.151,-6.46
3981,1,8.646,30.49,36.61,-0.227,0.201,-0.121,-0.067,2.163,-2.756,-1.578,1.578,-0.348,-6.789
3982,1,8.254,30.638,37.116,-0.43,0.082,-0.133,-0.067,2.163,-2.756,-0.196,0.196,1.484,-5.632
3983,1,7.834,30.75,37.624,-0.43,0.082,-0.133,-0.077,2.201,-2.785,0.027,-0.027,1.351,-5.818
3984,1,7.378,30.828,38.131,-0.575,-0.027,-0.145,-0.077,2.201,-2.785,1.131,-1.131,3.095,-4.68
3985,1,6.922,30.873,38.642,-0.575,-0.027,-0.145,-0.062,2.239,-2.881,1.357,-1.357,3.027,-4.743
3986,1,6.459,30.883,39.151,-0.626,-0.132,-0.158,-0.062,2.239,-2.881,1.997,-1.997,4.823,-3.557
3987,1,6.016,30.865,39.666,-0.626,-0.132,-0.158,-0.072,2.273,-2.952,2.208,-2.208,4.827,-3.509
3988,1,5.587,30.816,40.179,-0.6,-0.225,-0.17,-0.072,2.273,-2.952,2.435,-2.435,6.511,-2.409
3989,1,5.207,30.746,40.697,-0.6,-0.225,-0.17,-0.057,2.311,-3.043,2.61,-2.61,6.58,-2.281
3990,1,4.863,30.653,41.221,-0.486,-0.29,-0.184,-0.057,2.311,-3.043,2.37,-2.37,7.956,-1.535
3991,1,4.588,30.545,41.752,-0.486,-0.29,-0.184,-0.072,2.311,-3.053,2.493,-2.493,8.079,-1.354
3992,1,4.371,30.424,42.284,-0.301,-0.33,-0.198,-0.072,2.311,-3.053,1.839,-1.839,9.148,-0.92
3993,1,4.219,30.292,42.819,-0.301,-0.33,-0.198,-0.057,2.335,-3.086,1.901,-1.901,9.309,-0.705
3994,1,4.141,30.153,43.356,-0.089,-0.347,-0.212,-0.057,2.335,-3.086,1.041,-1.041,10.07,-0.584
3995,1,4.137,30.013,43.901,-0.089,-0.347,-0.212,-0.072,2.359,-3.101,1.03,-1.03,10.244,-0.36
3996,1,4.208,29.871,44.447,0.157,-0.34,-0.226,-0.072,2.359,-3.101,-0.076,0.076,10.66,-0.585
3997,1,4.352,29.739,44.994,0.157,-0.34,-0.226,-0.048,2.393,-3.173,-0.161,0.161,10.823,-0.37
3998,1,4.563,29.606,45.545,0.389,-0.309,-0.235,-0.048,2.393,-3.173,-1.322,1.322,10.782,-0.832
3999,1,4.844,29.489,46.098,0.389,-0.309,-0.235,-0.062,2.421,-3.254,-1.477,1.477,10.919,-0.637
4000,1,5.182,29.381,46.65,0.602,-0.254,-0.242,-0.062,2.421,-3.254,-2.648,2.648,10.408,-1.403
4001,1,5.578,29.29,47.199,0.602,-0.254,-0.242,-0.043,2.445,-3.369,-2.862,2.862,10.504,-1.242
4002,1,6.038,29.216,47.748,0.803,-0.183,-0.242,-0.043,2.445,-3.369,-4.116,4.116,9.571,-2.108
4003,1,6.55,29.159,48.29,0.803,-0.183,-0.242,-0.062,2.479,-3.503,-4.389,4.389,9.617,-1.994
4004,1,7.117,29.121,48.831,0.992,-0.103,-0.236,-0.062,2.479,-3.503,-5.698,5.698,8.362,-2.918
4005,1,7.721,29.103,49.368,0.992,-0.103,-0.236,-0.072,2.522,-3.704,-6.014,6.014,8.357,-2.865
4006,1,8.365,29.103,49.899,1.127,-0.018,-0.227,-0.072,2.522,-3.704,-7.145,7.145,6.873,-3.819
4007,1,9.031,29.12,50.422,1.127,-0.018,-0.227,-0.105,2.579,-3.919,-7.487,7.487,6.827,-3.828
4008,1,9.721,29.159,50.936,1.214,0.063,-0.213,-0.105,2.579,-3.919,-8.448,8.448,5.258,-4.684
4009,1,10.416,29.211,51.442,1.214,0.063,-0.213,-0.12,2.608,-4.187,-8.796,8.796,5.18,-4.759
4010,1,11.116,29.28,51.939,1.234,0.137,-0.186,-0.12,2.608,-4.187,-9.569,9.569,3.359,-5.268
4011,1,11.797,29.363,52.422,1.234,0.137,-0.186,-0.144,2.613,-4.374,-9.899,9.899,3.263,-5.407
4012,1,12.466,29.458,52.897,1.189,0.195,-0.159,-0.144,2.613,-4.374,-10.34,10.34,1.647,-5.704
4013,1,13.105,29.558,53.359,1.189,0.195,-0.159,-0.148,2.656,-4.603,-10.638,10.638,1.547,-5.888
4014,1,13.707,29.665,53.81,1.091,0.234,-0.131,-0.148,2.656,-4.603,-10.769,10.769,0.194,-5.961
4015,1,14.26,29.777,54.255,1.091,0.234,-0.131,-0.201,2.684,-4.785,-11.015,11.015,0.099,-6.178
4016,1,14.761,29.892,54.686,0.913,0.257,-0.109,-0.201,2.684,-4.785,-10.621,10.621,-0.87,-6.165
4017,1,15.193,30.004,55.111,0.913,0.257,-0.109,-0.234,2.732,-4.924,-10.802,10.802,-0.954,-6.391
4018,1,15.56,30.109,55.529,0.683,0.256,-0.1,-0.234,2.732,-4.924,-9.906,9.906,-1.226,-6.38
4019,1,15.851,30.211,55.94,0.683,0.256,-0.1,-0.268,2.747,-5.02,-10.016,10.016,-1.295,-6.589
4020,1,16.067,30.306,56.349,0.422,0.245,-0.099,-0.268,2.747,-5.02,-8.799,8.799,-1.232,-6.609
4021,1,16.199,30.394,56.756,0.422,0.245,-0.099,-0.316,2.661,-5.197,-8.833,8.833,-1.289,-6.792
4022,1,16.237,30.469,57.161,0.105,0.222,-0.109,-0.316,2.661,-5.197,-7.124,7.124,-0.764,-6.853
4023,1,16.189,30.531,57.571,0.105,0.222,-0.109,-0.335,2.57,-5.225,-7.079,7.079,-0.807,-6.981
4024,1,16.058,30.578,57.993,-0.223,0.187,-0.149,-0.335,2.57,-5.225,-4.852,4.852,0.656,-7.599
4025,1,15.887,30.606,58.428,-0.223,0.187,-0.149,-0.354,2.455,-5.096,-4.759,4.759,0.632,-7.653
4026,1,15.68,30.62,58.874,-0.388,0.149,-0.212,-0.354,2.455,-5.096,-3.042,3.042,2.735,-8.703
4027,1,15.513,30.616,59.342,-0.388,0.149,-0.212,-0.364,2.421,-4.847,-2.962,2.962,2.733,-8.69
4028,1,15.381,30.587,59.825,-0.299,0.099,-0.287,-0.364,2.421,-4.847,-2.418,2.418,5.329,-9.777
4029,1,15.329,30.541,60.321,-0.299,0.099,-0.287,-0.335,2.397,-4.627,-2.407,2.407,5.361,-9.683
4030,1,15.358,30.477,60.831,-0.052,0.043,-0.354,-0.335,2.397,-4.627,-2.839,2.839,7.891,-10.424
4031,1,15.466,30.378,61.346,-0.052,0.043,-0.354,-0.373,2.321,-4.651,-2.925,2.925,7.965,-10.222
4032,1,15.651,30.25,61.872,0.208,-0.052,-0.411,-0.373,2.321,-4.651,-3.64,3.64,10.85,-10.046
4033,1,15.916,30.07,62.395,0.208,-0.052,-0.411,-0.416,2.306,-4.632,-3.833,3.833,10.977,-9.679
4034,1,16.258,29.838,62.925,0.479,-0.212,-0.473,-0.416,2.306,-4.632,-4.67,4.67,14.962,-8.461
4035,1,16.682,29.567,63.452,0.479,-0.212,-0.473,-0.407,2.283,-4.417,-4.981,4.981,15.135,-7.893
4036,1,17.18,29.251,63.973,0.771,-0.353,-0.521,-0.407,2.283,-4.417,-6.212,6.212,18.529,-6.41
4037,1,17.757,28.904,64.493,0.771,-0.353,-0.521,-0.354,2.211,-4.426,-6.643,6.643,18.716,-5.658
4038,1,18.406,28.523,65.004,1.055,-0.454,-0.557,-0.354,2.211,-4.426,-8.098,8.098,21.247,-4.278
4039,1,19.107,28.117,65.507,1.055,-0.454,-0.557,-0.364,2.182,-4.13,-8.638,8.638,21.412,-3.362
4040,1,19.853,27.68,65.996,1.26,-0.541,-0.582,-0.364,2.182,-4.13,-9.95,9.95,23.418,-1.722
4041,1,20.639,27.217,66.467,1.26,-0.541,-0.582,-0.388,2.211,-3.909,-10.257,10.257,23.538,-0.637
4042,1,21.459,26.732,66.921,1.431,-0.631,-0.597,-0.388,2.211,-3.909,-11.192,11.192,25.276,1.432
4043,1,22.324,26.24,67.371,1.431,-0.631,-0.597,-0.412,2.187,-3.881,-11.484,11.484,25.316,2.638
4044,1,23.233,25.744,67.809,1.617,-0.636,-0.611,-0.412,2.187,-3.881,-12.544,12.544,25.754,3.588
4045,1,24.167,25.246,68.236,1.617,-0.636,-0.611,-0.426,2.187,-3.747,-12.88,12.88,25.692,4.869
4046,1,25.125,24.741,68.657,1.739,-0.648,-0.631,-0.426,2.187,-3.747,-13.607,13.607,26.223,5.881
4047,1,26.082,24.235,69.073,1.739,-0.648,-0.631,-0.502,2.163,-3.862,-13.987,13.987,26.059,7.235
4048,1,27.033,23.728,69.481,1.757,-0.641,-0.646,-0.502,2.163,-3.862,-14.288,14.288,26.129,8.148
4049,1,27.958,23.246,69.899,1.757,-0.641,-0.646,-0.502,2.187,-3.598,-14.686,14.686,25.874,9.486
4050,1,28.855,22.794,70.328,1.665,-0.525,-0.664,-0.502,2.187,-3.598,-14.394,14.394,24.375,8.651
4051,1,29.671,22.357,70.764,1.665,-0.525,-0.664,-0.488,2.23,-3.613,-14.78,14.78,24.073,9.893
4052,1,30.411,21.94,71.207,1.395,-0.446,-0.686,-0.488,2.23,-3.613,-13.527,13.527,23.199,9.398
4053,1,31.054,21.534,71.667,1.395,-0.446,-0.686,-0.474,2.192,-3.546,-13.89,13.89,22.901,10.552
4054,1,31.605,21.144,72.142,1.064,-0.368,-0.723,-0.474,2.192,-3.546,-12.115,12.115,22.426,9.601
4055,1,32.066,20.766,72.633,1.064,-0.368,-0.723,-0.574,2.168,-3.57,-12.446,12.446,22.166,10.664
4056,1,32.436,20.396,73.136,0.748,-0.301,-0.756,-0.574,2.168,-3.57,-10.767,10.767,21.815,9.925
4057,1,32.743,20.022,73.656,0.748,-0.301,-0.756,-0.555,2.196,-3.512,-11.079,11.079,21.598,10.958
4058,1,32.977,19.65,74.185,0.503,-0.289,-0.805,-0.555,2.196,-3.512,-9.544,9.544,22.448,10.567
4059,1,33.151,19.291,74.739,0.503,-0.289,-0.805,-0.541,2.177,-3.512,-9.828,9.828,22.283,11.538
4060,1,33.272,18.949,75.314,0.285,-0.205,-0.843,-0.541,2.177,-3.512,-8.539,8.539,21.873,10.32
4061,1,33.313,18.619,75.903,0.285,-0.205,-0.843,-0.536,2.153,-3.603,-8.78,8.78,21.776,11.186
4062,1,33.283,18.303,76.513,0.013,-0.137,-0.865,-0.536,2.153,-3.603,-7.354,7.354,21.323,10.482
4063,1,33.179,18.002,77.14,0.013,-0.137,-0.865,-0.569,2.206,-3.68,-7.544,7.544,21.317,11.236
4064,1,33.003,17.72,77.789,-0.259,-0.063,-0.907,-0.569,2.206,-3.68,-5.826,5.826,21.336,9.817
4065,1,32.789,17.45,78.464,-0.259,-0.063,-0.907,-0.565,2.192,-4.01,-5.967,5.967,21.412,10.456
4066,1,32.543,17.196,79.162,-0.41,0.017,-0.954,-0.565,2.192,-4.01,-4.731,4.731,21.575,8.701
4067,1,32.233,16.944,79.873,-0.41,0.017,-0.954,-0.574,2.216,-4.043,-4.832,4.832,21.729,9.259
4068,1,31.862,16.7,80.601,-0.635,0.047,-0.993,-0.574,2.216,-4.043,-3.306,3.306,22.465,8.388
4069,1,31.451,16.448,81.341,-0.635,0.047,-0.993,-0.541,2.259,-4.23,-3.375,3.375,22.704,8.902
4070,1,30.997,16.192,82.1,-0.799,0.042,-1.056,-0.541,2.259,-4.23,-1.827,1.827,24.629,7.915
4071,1,30.544,15.957,82.887,-0.799,0.042,-1.056,-0.517,2.225,-4.374,-1.864,1.864,24.92,8.357
4072,1,30.094,15.742,83.71,-0.822,0.141,-1.112,-0.517,2.225,-4.374,-1.063,1.063,25.217,5.919
4073,1,29.649,15.538,84.548,-0.822,0.141,-1.112,-0.483,2.192,-4.517,-1.075,1.075,25.525,6.271
4074,1,29.206,15.348,85.406,-0.823,0.193,-1.161,-0.483,2.192,-4.517,-0.457,0.457,26.321,4.616
4075,1,28.829,15.158,86.289,-0.823,0.193,-1.161,-0.45,2.235,-4.613,-0.471,0.471,26.595,4.947
4076,1,28.507,14.972,87.187,-0.633,0.223,-1.226,-0.45,2.235,-4.613,-0.637,0.637,28.034,3.235
4077,1,28.293,14.795,88.11,-0.633,0.223,-1.226,-0.378,2.172,-4.771,-0.686,0.686,28.196,3.594
4078,1,28.185,14.621,89.051,-0.267,0.273,-1.286,-0.378,2.172,-4.771,-1.843,1.843,29.056,1.777
4079,1,28.219,14.444,90.003,-0.267,0.273,-1.286,-0.345,2.263,-4.953,-1.964,1.964,29.029,2.232
4080,1,28.384,14.264,90.96,0.206,0.282,-1.326,-0.345,2.263,-4.953,-3.986,3.986,29.771,1.603
4081,1,28.676,14.086,91.921,0.206,0.282,-1.326,-0.321,1.962,-5.245,-4.188,4.188,29.532,2.173
4082,1,29.102,13.904,92.875,0.657,0.324,-1.385,-0.321,1.962,-5.245,-5.962,5.962,30.049,0.753
4083,1,29.443,13.75,93.806,0.657,0.324,-1.385,-0.187,0.335,-5.379,-6.168,6.168,29.76,1.286
4084,1,29.698,13.607,94.718,0.371,0.418,-1.36,-0.187,0.335,-5.379,-5.214,5.214,27.585,1.029
4085,1,29.936,13.448,95.6,0.371,0.418,-1.36,-0.215,-0.144,-5.335,-5.395,5.395,27.37,1.534
4086,1,30.152,13.277,96.452,0.325,0.39,-1.337,-0.215,-0.144,-5.335,-5.641,5.641,26.979,3.046
4087,1,30.458,13.083,97.279,0.325,0.39,-1.337,-0.215,-0.263,-5.264,-5.869,5.869,26.694,3.671
4088,1,30.85,12.867,98.083,0.659,0.347,-1.332,-0.215,-0.263,-5.264,-7.881,7.881,26.8,5.135
4089,1,31.366,12.625,98.857,0.659,0.347,-1.332,-0.239,-0.349,-5.13,-8.215,8.215,26.307,5.979
4090,1,32.001,12.348,99.595,1.127,0.265,-1.308,-0.239,-0.349,-5.13,-11.248,11.248,26.272,8.724
4091,1,32.774,12.058,100.324,1.127,0.265,-1.308,-0.244,-0.311,-5.154,-11.711,11.711,25.505,9.807
4092,1,33.68,11.756,101.036,1.633,0.261,-1.305,-0.244,-0.311,-5.154,-14.803,14.803,24.57,11.119
4093,1,34.709,11.425,101.723,1.633,0.261,-1.305,-0.273,-0.287,-5.201,-15.394,15.394,23.5,12.416
4094,1,35.867,11.071,102.387,2.122,0.209,-1.288,-0.273,-0.287,-5.201,-18.713,18.713,22.585,14.997
4095,1,37.1,10.707,103.04,2.122,0.209,-1.288,-0.325,-0.311,-5.302,-19.415,19.415,21.234,16.454
4096,1,38.414,10.332,103.687,2.439,0.234,-1.284,-0.325,-0.311,-5.302,-21.803,21.803,19.284,17.708
4097,1,39.789,9.93,104.316,2.439,0.234,-1.284,-0.483,-0.383,-5.422,-22.602,22.602,17.684,19.304
4098,1,41.225,9.501,104.925,2.707,0.195,-1.289,-0.483,-0.383,-5.422,-24.723,24.723,16.653,21.409
4099,1,36.611,6.945,109.693,2.707,0.195,-1.289,-31.553,-106.302,-70.868,-25.225,25.225,20.007,26.769
4100,1,25.569,3.544,119.047,-20.567,3.89,-17.105,-31.553,-106.302,-70.868,105,-105,122.995,-177.005
4101,1,29.862,-1.603,132.822,-20.567,3.89,-17.105,10.393,-73.313,-39.267,105,-105,122.995,-177.005
4102,1,47.542,-13.898,148.199,34.901,0.616,-34.903,10.393,-73.313,-39.267,45,-45,169.775,-130.225
4103,1,49.542,-31.519,158.701,34.901,0.616,-34.903,68.657,5.412,15.284,45,-45,169.775,-130.225
4104,1,31.908,-49.511,172.213,-15.585,-12.12,-33.432,68.657,5.412,15.284,105,-105,235.714,-64.286
4105,1,0.372,-63.739,-159.959,-15.585,-12.12,-33.432,-9.331,-2.177,-3.268,105,-105,235.714,-64.286
4106,1,-52.943,-66.401,-110.158,-13.921,-19.639,-29.846,-9.331,-2.177,-3.268,105,-105,235.714,-64.286
4107,1,-87.567,-53.877,-76.206,-13.921,-19.639,-29.846,-7.494,0.364,-5.13,105,-105,235.714,-64.286
4108,1,-101.15,-36.446,-60.243,-4.471,-21.882,-28.676,-7.494,0.364,-5.13,105,-105,235.714,-64.286
4109,1,-104.8,-17.556,-51.799,-4.471,-21.882,-28.676,-5.173,2.981,-3.072,105,-105,235.714,-64.286
4110,1,-103.054,1.367,-45.123,3.831,-18.95,-29.626,-5.173,2.981,-3.072,65.847,-65.847,235.714,-64.286
4111,1,-97.588,20.296,-39.115,3.831,-18.95,-29.626,-3.474,1.651,1.168,65.847,-65.847,235.714,-64.286
4112,1,-87.395,38.801,-31.206,10.152,-12.891,-32.284,-3.474,1.651,1.168,45,-45,235.714,-64.286
4113,1,-70.762,56.435,-18.239,10.152,-12.891,-32.284,-2.129,0.321,1.019,45,-45,235.714,-64.286
4114,1,-33.558,70.48,13.974,13.629,-4.297,-34.498,-2.129,0.321,1.019,45,-45,182.818,-117.182
4115,1,32.429,70.509,75.38,13.629,-4.297,-34.498,-1.526,-0.086,-1.215,45,-45,182.818,-117.182
4116,1,69.508,56.421,108.035,13.149,5.795,-34.656,-1.526,-0.086,-1.215,45,-45,64.286,-235.714
4117,1,85.475,38.732,121.473,13.149,5.795,-34.656,-1.316,-0.225,-1.407,45,-45,66.233,-233.767
4118,1,94.616,20.292,130.168,8.832,14.338,-32.462,-1.316,-0.225,-1.407,45,-45,64.286,-235.714
4119,1,98.906,1.446,137.35,8.832,14.338,-32.462,-2.321,-1.077,0.077,45,-45,64.286,-235.714
4120,1,99.061,-17.362,145.62,1.856,18.507,-29.604,-2.321,-1.077,0.077,55.722,-55.722,64.286,-235.714
4121,1,93.717,-35.301,155.495,1.856,18.507,-29.604,-4.139,-1.455,1.091,55.722,-55.722,64.286,-235.714
4122,1,79.534,-50.843,171.663,-5.599,18.504,-27.7,-4.139,-1.455,1.091,92.995,-92.995,64.286,-235.714
4123,1,51.292,-61.594,-160.374,-5.599,18.504,-27.7,-4.421,0.153,1.273,92.995,-92.995,64.286,-235.714
4124,1,10.434,-62.096,-121.85,-12.059,15.08,-27.148,-4.421,0.153,1.273,105,-105,64.286,-235.714
4125,1,-19.32,-51.953,-94.435,-12.059,15.08,-27.148,-4.421,-0.182,0.297,105,-105,64.286,-235.714
4126,1,-40.159,-39.468,-78.146,-16.604,8.916,-28.022,-2.541,-0.182,0.297,105,-105,64.286,-235.714
4127,1,-53.711,-24.32,-69.631,-16.604,8.916,-28.022,-2.541,-1.933,-1.129,105,-105,64.286,-235.714
4128,1,-66.143,-9.769,-61.156,-18.255,0.669,-29.161,-2.751,-1.933,-1.129,105,-105,161.864,-138.136
4129,1,-76.211,6.09,-55.937,-18.255,0.669,-29.161,-2.751,-2.029,-1.943,105,-105,148.363,-151.637
4130,1,-82.96,21.742,-48.246,-15.989,-7.42,-29.2,-3.479,-2.029,-1.943,105,-105,235.714,-64.286
4131,1,-89.89,38.135,-42.625,-15.989,-7.42,-29.2,-3.479,-1.751,-1.565,105,-105,235.714,-64.286
4132,1,-88.979,54.5,-32.498,-10.39,-12.768,-28.612,-3.713,-1.751,-1.565,105,-105,235.714,-64.286
4133,1,-78.993,70.334,-14.171,-10.39,-12.768,-28.612,-3.713,-1.306,-0.962,105,-105,235.714,-64.286
4134,1,-17.738,78.788,51.197,-3.413,-14.262,-28.266,-3.933,-1.306,-0.962,102.066,-102.066,235.714,-64.286
4135,1,33.133,67.87,106.121,-3.413,-14.262,-28.266,-3.933,-0.053,-0.613,82.066,-82.066,235.714,-64.286
4136,1,48.932,51.96,122.584,2.796,-12.329,-28.482,-4.278,-0.053,-0.613,51.018,-51.018,235.714,-64.286
4137,1,55.292,34.849,129.593,2.796,-12.329,-28.482,-4.278,1.416,-0.818,51.018,-51.018,235.714,-64.286
4138,1,62.128,18.223,135.596,7.22,-8.028,-29.112,-3.531,1.416,-0.818,45,-45,235.714,-64.286
4139,1,66.951,1.178,139.261,7.22,-8.028,-29.112,-3.531,1.718,-1.852,45,-45,235.714,-64.286
4140,1,71.747,-15.229,144.673,9.351,-2.186,-29.793,-2.445,1.718,-1.852,45,-45,199.581,-100.419
4141,1,75.43,-31.897,149.175,9.351,-2.186,-29.793,-2.445,1.282,-1.962,45,-45,199.542,-100.458
4142,1,74.467,-47.688,158.5,8.518,4.084,-29.794,-2.105,1.282,-1.962,45,-45,113.321,-186.678
4143,1,67.592,-62.975,172.942,8.518,4.084,-29.794,-2.105,0.383,-1.029,45,-45,120.225,-179.775
4144,1,33.466,-72.635,-146.928,5.32,9.174,-28.932,-2.249,0.383,-1.029,45,-45,64.286,-235.714
4145,1,-15.078,-69.303,-92.378,5.32,9.174,-28.932,-2.249,-0.416,-0.072,58.4,-58.4,64.286,-235.714
4146,1,-35.93,-55.666,-68.053,0.837,12.008,-27.797,-2.684,-0.416,-0.072,80.814,-80.814,64.286,-235.714
4147,1,-43.438,-39.96,-56.682,0.837,12.008,-27.797,-2.684,-1.048,-0.091,80.814,-80.814,64.286,-235.714
4148,1,-48.62,-23.747,-50.177,-3.975,12.328,-26.892,-3.106,-1.048,-0.091,104.873,-104.873,64.286,-235.714
4149,1,-51.575,-7.216,-45.539,-3.975,12.328,-26.892,-3.106,-0.909,-0.785,104.873,-104.873,64.286,-235.714
4150,1,-55.679,8.541,-41.299,-8.287,10.365,-26.412,-3.388,-0.909,-0.785,105,-105,64.286,-235.714
4151,1,-58.843,24.504,-37.826,-8.287,10.365,-26.412,-3.388,-0.517,-2.12,105,-105,64.286,-235.714
4152,1,-61.98,39.535,-32.755,-11.183,6.77,-26.34,-2.919,-0.517,-2.12,105,-105,64.286,-235.714
4153,1,-63.826,54.685,-27.298,-11.183,6.77,-26.34,-2.919,-0.713,-2.617,105,-105,64.286,-235.714
4154,1,-57.956,68.547,-13.53,-11.915,2.361,-26.475,-1.967,-0.713,-2.617,105,-105,88.695,-211.305
4155,1,-25.325,79.974,26.712,-11.915,2.361,-26.475,-1.68,-1.086,-2.273,105,-105,87.705,-212.295
4156,1,41.441,75.353,100.438,-10.641,-1.924,-26.505,-1.68,-1.086,-2.273,105,-105,148.912,-151.088
4157,1,57.914,62.574,124.099,-10.641,-1.924,-26.505,-1.775,-1.058,-1.689,105,-105,153.744,-146.256
4158,1,60.204,47.989,132.036,-7.918,-5.29,-26.309,-1.775,-1.058,-1.689,104.591,-104.591,212.962,-87.038
4159,1,60.232,33.399,139.287,-7.918,-5.29,-26.309,-1.775,-1.483,-1.038,104.591,-104.591,223.163,-76.837
4160,1,59.801,18.306,144.376,-4.482,-7.146,-26.177,-2.048,-1.483,-1.038,87.408,-87.408,235.714,-64.286
4161,1,58.153,3.283,149.252,-4.482,-7.146,-26.177,48.335,8.106,-60.346,87.408,-87.408,235.714,-64.286
4162,1,58.847,-10.87,158.076,2.748,-0.037,-28.481,48.335,8.106,-60.346,51.258,-51.258,178.798,-121.202
4163,1,57.153,-24.87,167.416,2.748,-0.037,-28.481,70.332,77.156,-89.602,51.258,-51.258,179.104,-120.896
4164,1,56.68,-31.639,-176.162,13.529,14.328,-23.407,70.332,77.156,-89.602,45,-45,64.286,-235.714
4165,1,53.799,-37.856,-158.339,13.529,14.328,-23.407,1.12,18.327,-6.34,45,-45,64.286,-235.714
4166,1,58.299,-45.337,-159.046,7.737,-8.734,-10.387,1.12,18.327,-6.34,45,-45,235.714,-64.286
4167,1,63.645,-52.705,-160.777,7.737,-8.734,-10.387,-2.043,-0.172,0.167,45,-45,235.714,-64.286
4168,1,68.483,-59.943,-161.286,8.368,-6.384,-11.502,-2.043,-0.172,0.167,45,-45,235.714,-64.286
4169,1,74.868,-67.083,-163.475,8.368,-6.384,-11.502,0.014,1.493,0.617,45,-45,235.714,-64.286
4170,1,80.915,-74.187,-164.944,8.753,-4.314,-12.233,0.014,1.493,0.617,45,-45,224.212,-75.788
4171,1,92.809,-81.09,-172.327,8.753,-4.314,-12.233,-1.34,-0.048,-0.254,45,-45,207.889,-92.111
4172,1,133.079,-87.646,152.063,8.896,-2.187,-12.841,-1.34,-0.048,-0.254,45,-45,152.671,-147.329
4173,1,-114.671,-83.586,44.798,8.896,-2.187,-12.841,-1.038,0.234,0.005,45,-45,152.671,-147.329
4174,1,-98.648,-76.092,33.997,8.837,0.315,-12.79,-1.038,0.234,0.005,45,-45,133.629,-166.371
4175,1,-91.96,-68.354,32.589,8.837,0.315,-12.79,-0.584,0.794,0.033,45,-45,142.725,-157.275
4176,1,-85.186,-60.631,30.73,8.435,2.483,-12.626,-0.584,0.794,0.033,45,-45,121.403,-178.597
4177,1,-80.052,-52.827,30.644,8.435,2.483,-12.626,-0.546,0.144,1.091,45,-45,128.626,-171.374
4178,1,-74.816,-44.974,29.921,7.83,4.343,-12.287,-0.546,0.144,1.091,45.852,-45.852,108.889,-191.111
4179,1,-70.28,-37.097,30.102,7.83,4.343,-12.287,-1.215,-0.479,0.555,45.852,-45.852,113.826,-186.174
4180,1,-66.051,-29.449,29.977,7.016,5.489,-11.446,-1.215,-0.479,0.555,49.921,-49.921,100.153,-199.847
4181,1,-62.108,-21.813,30.41,7.016,5.489,-11.446,-0.301,-0.459,-0.072,49.921,-49.921,100.153,-199.847
4182,1,-58.471,-14.358,30.359,6.167,6.736,-10.494,-0.301,-0.459,-0.072,54.166,-54.166,82.348,-217.652
4183,1,-54.943,-6.935,30.737,6.167,6.736,-10.494,-0.498,-1.125,0.359,54.166,-54.166,82.348,-217.652
4184,1,-51.935,0.333,30.82,5.175,7.581,-9.674,-0.498,-1.125,0.359,59.125,-59.125,67.077,-232.923
4185,1,-48.91,7.554,31.256,5.175,7.581,-9.674,-0.392,-3.723,0.287,59.125,-59.125,64.286,-235.714
4186,1,-46.525,14.213,31.642,3.996,7.476,-8.641,-0.392,-3.723,0.287,65.021,-65.021,64.286,-235.714
4187,1,-44.004,20.789,32.296,3.996,7.476,-8.641,-0.823,-19.873,-1.584,65.021,-65.021,64.286,-235.714
4188,1,-41.867,26.501,32.896,3.168,6.997,-7.578,-0.823,-19.873,-1.584,69.16,-69.16,64.286,-235.714
4189,1,-39.531,31.983,33.771,3.168,6.997,-7.578,2.364,-84.334,-26.983,69.16,-69.16,64.286,-235.714
4190,1,-37.924,36.455,35.157,1.274,5.646,-6.844,2.364,-84.334,-26.983,78.63,-78.63,64.286,-235.714
4191,1,-36.056,40.853,36.823,1.274,5.646,-6.844,1.646,-13.059,-11.733,78.63,-78.63,64.286,-235.714
4192,1,-36.572,45.802,38.274,-2.797,6.775,-7.011,1.646,-13.059,-11.733,98.987,-98.987,64.286,-235.714
4193,1,-36.944,50.75,39.801,-2.797,6.775,-7.011,0.392,-2.053,-1.713,95.583,-95.583,57.477,-228.906
4194,1,-38.274,55.697,40.84,-3.928,7.113,-6.578,0.392,-2.053,-1.713,91.117,-91.117,37.243,-208.671
4195,1,-39.642,60.64,41.779,-3.928,7.113,-6.578,0.134,-0.565,-1.249,86.863,-86.863,28.736,-200.164
4196,1,-41.282,65.358,42.823,-4.631,6.68,-6.489,0.134,-0.565,-1.249,86.107,-86.107,26.499,-197.927
4197,1,-43.074,70.071,43.66,-4.631,6.68,-6.489,0.785,3.728,-8.35,86.107,-86.107,26.499,-197.927
4198,1,-44.187,74.474,45.45,-5.076,5.841,-6.584,0.785,3.728,-8.35,87.305,-87.305,28.896,-200.324
4199,1,-45.135,78.879,47.356,-5.076,5.841,-6.584,16.504,30.343,-25.175,87.305,-87.305,28.896,-200.324
4200,1,-43.064,79.21,52.807,-5.943,-0.035,-2.314,16.504,30.343,-25.175,33.922,-33.922,-20.225,-35.913
4201,1,-40.817,79.581,58.425,-5.943,-0.035,-2.314,0.397,6.56,-4.608,33.922,-33.922,-20.225,-35.913
4202,1,-40.004,77.632,61.759,-4.53,-2.71,0.825,0.397,6.56,-4.608,-5.306,5.306,-60.47,80.756
4203,1,-39.762,75.704,64.518,-4.53,-2.71,0.825,0.282,3.153,-3.57,-5.306,5.306,-60.47,80.756
4204,1,-36.753,74.462,67.43,0.075,-1.959,-0.16,0.282,3.153,-3.57,-13.375,13.375,-46.591,45.42
4205,1,-34.16,73.198,69.928,0.075,-1.959,-0.16,1.005,2.641,-5.613,-13.375,13.375,-46.591,45.42
4206,1,-30.606,72.494,72.395,1.835,-1.197,-0.849,1.005,2.641,-5.613,-13.565,13.565,-40.241,17.308
4207,1,-27.265,71.753,74.66,1.835,-1.197,-0.849,2.321,3.919,-11.767,-13.565,13.565,-40.241,17.308
4208,1,-24.489,71.976,76.052,2.318,0.537,-1.234,2.321,3.919,-11.767,-11.17,11.17,-55.402,-17.081
4209,1,-21.629,72.178,77.544,2.318,0.537,-1.234,2.603,2.474,-10.427,-9.255,9.255,-51.571,-20.912
4210,1,-19.585,73.232,78.255,2.199,2.125,-1.341,2.603,2.474,-10.427,-6.093,6.093,-69.131,-48.732
4211,1,-17.35,74.271,79.169,2.199,2.125,-1.341,2.105,1.364,-10.91,-4.491,4.491,-65.927,-51.936
4212,1,-15.416,75.133,79.917,1.946,1.903,-1.095,2.105,1.364,-10.91,-4.733,4.733,-65.755,-45.747
4213,1,-13.301,75.976,80.856,1.946,1.903,-1.095,1.23,4.522,-8.221,-3.386,3.386,-61.848,-49.653
4214,1,-11.922,75.499,81.15,1.772,-0.266,-0.249,1.23,4.522,-8.221,-12.199,12.199,-48.215,-1.319
4215,1,-10.533,75.028,81.467,1.772,-0.266,-0.249,0.163,2.661,-9.872,-11.334,11.334,-44.458,-5.076
4216,1,-9.855,74.396,81.107,1.68,-0.488,0.104,0.163,2.661,-9.872,-14.764,14.764,-47.996,4.793
4217,1,-9.163,73.771,80.761,1.68,-0.488,0.104,0.297,0.828,-10.365,-14.251,14.251,-45.895,2.692
